
Visibility:
0,1,1
1,0,1
1,1,1
1,1,1
1,1,1
1,1,1
1,1,1
0,1,1
1,1,1
1,1,1
1,1,0
1,1,1
1,1,0


Communication:
0	0,1,2,3,4,5,6,7,8,9,      
00	0,0,0,0,0,0,0,1,1,0,0,0,1
01	0,0,0,0,1,0,1,0,0,1,0,0,0
02	0,0,0,1,0,1,0,0,0,0,1,0,0
03	0,0,1,0,0,1,0,0,0,0,1,0,0
04	0,1,0,0,0,0,1,0,0,1,0,0,0
05	0,0,1,1,0,0,0,0,0,0,1,0,0
06	0,1,0,0,1,0,0,0,0,1,0,0,0
07	1,0,0,0,0,0,0,0,1,0,0,0,1
08	1,0,0,0,0,0,0,1,0,0,0,0,1
09	0,1,0,0,1,0,1,0,0,0,0,0,0
10	0,0,1,1,0,1,0,0,0,0,0,0,0
11	0,0,0,0,0,0,0,0,0,0,0,0,0
12	1,0,0,0,0,0,0,1,1,0,0,0,0

K:
4